
 20.011065 12.000000
 19.981293 12.000000
 19.976393 12.000000
 19.967023 12.000000
 19.966594 12.000000
 19.948805 12.000000
 19.950467 12.000000
 19.938346 12.000000
 19.904546 12.000000
 19.883292 12.000000
 19.870132 12.000000
 19.857922 12.000000
 19.858361 12.000000
 19.855791 12.000000
 19.864045 12.000000
 19.867780 12.000000
 19.854654 12.000000
 19.842496 12.000000
 19.824298 12.000000
 19.822753 12.000000
 19.813326 12.000000
 19.794962 12.000000
 19.789151 12.000000
 19.783737 12.000000
 19.779699 12.000000
 19.770025 12.000000
 19.755800 12.000000
 19.768051 12.000000
 19.765029 12.000000
 19.743261 12.000000
 19.733483 12.000000
 19.725208 12.000000
 19.702301 12.000000
 19.696895 12.000000
 19.691150 12.000000
 19.702998 12.000000
 19.703012 12.000000
 19.685188 12.000000